$energy      SCF               SCFKIN            SCFPOT            ADC(2)
     1 -262.6671153204      262.209197     -524.876312     -.6343758504337
     2 -262.6671153203      262.209197     -524.876312     -.6343759268112
     3 -262.6671153199      262.209197     -524.876312     -.6343759555921
     4 -262.6671153203      262.209197     -524.876313     -.6343759662118
     5 -262.6671153203      262.209197     -524.876313     -.6343759656669
     6 -262.6671153210      262.209197     -524.876313     -.6343759668443
     7 -262.6671153216      262.209197     -524.876313     -.6343759683694
     8 -262.6671153193      262.209197     -524.876313     -.6343759689520
     9 -262.6671153237      262.209197     -524.876313     -.6343759675219
    10 -262.6671153228      262.209197     -524.876313     -.6343759686872
    11 -262.6671153230      262.209197     -524.876313     -.6343759674816
    12 -262.6671153242      262.209197     -524.876313     -.6343759681021
    13 -262.6671153246      262.209197     -524.876313     -.6343759665567
    14 -262.6671153207      262.209197     -524.876313     -.6343759703050
    15 -262.6651096599      262.186144     -524.851253     -.6349989522172
    16 -262.6654433508      262.1307735053     -524.7962168561
    17 -262.6671153207      262.209199     -524.876314     -.6343761528584
    18 -262.6651096668      262.1861438534     -524.8512535201
    19 -262.6671153210      262.209191     -524.876306     -.6343753051221
    20 -262.6651096640      262.186144     -524.851254     -.6349989491791
    21 -262.6651096648      262.186139     -524.851248     -.6349984359529
    22 -262.6671153211      262.209191     -524.876306     -.6343753048475
    23 -262.6651096640      262.186144     -524.851254     -.6349989491753
    24 -262.6671153210      262.209191     -524.876306     -.6343753051212
    25 -262.6651096640      262.186144     -524.851254     -.6349989491790
    26 -262.6671153210      262.209191     -524.876306     -.6343753051212
    27 -262.6651096640      262.186144     -524.851254     -.6349989491790
    28 -262.6671153210      262.2091909622     -524.8763062832
    29 -262.6671153210      262.2091955985     -524.8763109195
    30 -262.6799923714      262.1519955176     -524.8319878889
    31 -262.6628069653      261.473048     -524.135855     -.7319432368906
    32 -262.6628069646      261.473052     -524.135858     -.7319434057596
    33 -262.6621790160      261.487960     -524.150139     -.7355177352798
    34 -262.6622130088      261.486287     -524.148500     -.7355226895796
    35 -262.6721709940      261.662752     -524.334923     -.7347929152256
    36 -262.6799923720      262.151994     -524.831986     -.6903158601781
    37 -262.6780521360      262.128239     -524.806291     -.6905373066435
    38 -262.6788211647      262.071701     -524.750522     -.6911694185976
    39 -262.6780521330      262.1282431699     -524.8062953029
    40 -262.6799923704      262.151998     -524.831990     -.6903162838985
    41 -262.6780521307      262.128239     -524.806291     -.6905373005304
    42 -262.6788211570      262.071701     -524.750522     -.6911694173723
    43 -262.6804447528      261.992997     -524.673441     -.6923138911516
    44 -262.6809550723      261.904882     -524.585837     -.6939408895686
    45 -262.6796162972      261.817476     -524.497093     -.6958840393726
    46 -262.6809031457      261.949900     -524.630803     -.6930700251633
    47 -262.6768745767      261.736519     -524.413393     -.6978945692333
    48 -262.6736531640      261.664338     -524.337991     -.6998051007520
    49 -262.6707791837      261.601653     -524.272432     -.7015995415678
    50 -262.6687273990      261.5488462272     -524.2175736262
    51 -262.6799923710      262.151990     -524.831983     -.6903165428864
$end
