$grad          cartesian gradients
  cycle =     31 ADC(2) energy =     -263.3947502022 |dE/dxyz| =  0.190497
   -2.16140655175500      1.39267962137400     -0.01826416696500      c
   -2.19713676668600     -1.36288269340500     -0.01476804387800      c
    0.00194439033900     -2.74849563987800     -0.06080581618900      n
    2.18385746727300     -1.36535779183300      0.12384019386200      c
    2.18500000542200      1.45612824543200     -0.11530221750200      c
    0.01220377317300      2.68174655230800      0.07101691936300      n
   -3.93786608294500      2.56009731985400     -0.15134704054800      h
   -4.00109708008000     -2.80943404124500      0.36200455891000      h
    3.70336042227300     -2.78194411201700     -0.04532138061800      h
    3.91748547978400      2.52214265786500     -0.01545583188500      h
  0.24580334799477D-01  -.54443170806579D-01  -.31719273349934D-02
  0.34666373371003D-01  0.10568028775114D+00  -.67060191461496D-02
  0.12396383251783D-01  -.88034887071977D-01  -.92623797537188D-02
  0.10090241877893D-01  0.59189519209045D-01  0.84899009612202D-02
  -.15693400420433D-01  -.30676244143968D-02  -.48253057985414D-02
  0.18771766393029D-01  0.41241702474665D-01  0.77989929693261D-02
  -.13626707461749D-01  0.17508138535920D-01  -.40378179146383D-02
  -.40508921353216D-01  -.53696133494357D-01  0.12729083347409D-01
  -.18026243022895D-01  -.23458365100787D-01  -.19922407320814D-02
  -.12649827367515D-01  -.91946699809586D-03  0.97771339196345D-03
  cycle =     32 ADC(2) energy =     -263.3947503704 |dE/dxyz| =  0.190498
   -2.16140655183200      1.39267962145100     -0.01826416697500      c
   -2.19713676668600     -1.36288269355900     -0.01476804384900      c
    0.00194439020700     -2.74849563961400     -0.06080581621400      n
    2.18385746729200     -1.36535779164000      0.12384019389800      c
    2.18500000538300      1.45612824545100     -0.11530221749200      c
    0.01220377332700      2.68174655214300      0.07101691935400      n
   -3.93786608317400      2.56009731916600     -0.15134704043300      h
   -4.00109708008000     -2.80943404216200      0.36200455902500      h
    3.70336042318900     -2.78194411201700     -0.04532138067500      h
    3.91748547995600      2.52214265832400     -0.01545583199900      h
  0.24579337986614D-01  -.54441804747757D-01  -.31725249258195D-02
  0.34667084487667D-01  0.10568090547674D+00  -.67063331418322D-02
  0.12396469549797D-01  -.88037212612601D-01  -.92623867597794D-02
  0.10089087661151D-01  0.59190665742460D-01  0.84898358107986D-02
  -.15691102209633D-01  -.30671312960497D-02  -.48259267916500D-02
  0.18770880028390D-01  0.41239644653292D-01  0.78004580076299D-02
  -.13626567589624D-01  0.17508404019343D-01  -.40376595031835D-02
  -.40509055653037D-01  -.53695946312734D-01  0.12729031046527D-01
  -.18025942569288D-01  -.23458120928304D-01  -.19921912645898D-02
  -.12650191623681D-01  -.91940391151657D-03  0.97769751164106D-03
  cycle =     33 ADC(2) energy =     -263.3976967513 |dE/dxyz| =  0.155302
   -2.16663648189400      1.41405917958400     -0.01803737079200      c
   -2.19136031325600     -1.38303423455700     -0.01712103275100      c
   -0.00570094139400     -2.74660909773800     -0.06047875539400      n
    2.18528798875800     -1.37397249519400      0.12930968429600      c
    2.18703410102500      1.46997241220300     -0.12791144948200      c
    0.01400771202700      2.67512455681000      0.07776986173700      n
   -3.93778034705100      2.53360743979000     -0.17011677222200      h
   -4.00084242407600     -2.77766801331400      0.36888835396200      h
    3.74723388341900     -2.77588107438000     -0.04576077819300      h
    3.90673151294600      2.49960060020600      0.00892157493700      h
  0.16507234031426D-01  0.26618256384396D-01  0.15497458836461D-02
  0.66185039802978D-01  0.10917724185110D-01  -.12636597209963D-01
  -.30001361300223D-01  -.40643799242526D-01  -.88647903460530D-02
  0.12690722704635D-01  0.26990055114351D-03  0.21627309520373D-01
  -.31426283214996D-01  0.79484445737022D-01  -.12553103306997D-01
  0.43013390184702D-01  -.45891223795387D-02  0.59269628573217D-02
  -.53942740026076D-02  0.12124262866224D-01  -.57648461396899D-02
  -.36649702868910D-01  -.51264251236754D-01  0.14218129671529D-01
  -.11290937703847D-01  -.26886692733071D-01  -.42951859189535D-02
  -.23633827666109D-01  -.60307240921396D-02  0.79237497887630D-03
  cycle =     34 ADC(2) energy =     -263.3977356984 |dE/dxyz| =  0.156981
   -2.16698330328200      1.41374530327600     -0.01808173942300      c
   -2.19129853445900     -1.38271167714600     -0.01710771603500      c
   -0.00593130658400     -2.74698314840200     -0.06048845627600      n
    2.18551656689300     -1.37342097561600      0.12933189281000      c
    2.18706495024500      1.46960368163900     -0.12805644001900      c
    0.01422293839200      2.67536243938000      0.07789946525700      n
   -3.93804160283100      2.53284425377300     -0.17037189218200      h
   -4.00123788698100     -2.77706583136700      0.36883271987100      h
    3.74833716690900     -2.77564843703700     -0.04576251593300      h
    3.90680148033000      2.49913883527000      0.00940176548500      h
  0.14496270464077D-01  0.24800753711845D-01  0.13030598094392D-02
  0.67423227946831D-01  0.11658475547875D-01  -.12401920650051D-01
  -.32596345402522D-01  -.41574112185403D-01  -.91113248315142D-02
  0.14274474109190D-01  0.23093970323269D-02  0.21876294417141D-01
  -.32741482150831D-01  0.78798048697336D-01  -.12123969214325D-01
  0.45805064580461D-01  -.37150914326354D-02  0.58502044711024D-02
  -.53560392556022D-02  0.11992252521847D-01  -.57459450657624D-02
  -.36713788592686D-01  -.51274835881618D-01  0.14131276979887D-01
  -.11000017761196D-01  -.26993437135228D-01  -.44440037148237D-02
  -.23591363969992D-01  -.60014508345780D-02  0.66632778915848D-03
  cycle =     35 ADC(2) energy =     -263.4069639092 |dE/dxyz| =  0.139478
   -2.22511967342700      1.48806099501500      0.13557064854300      c
   -2.12743706995400     -1.33556265957400     -0.04583072320800      c
    0.01790932878000     -2.74081870762900     -0.04832841828800      n
    2.13895991063000     -1.43461710448800      0.03298620911100      c
    2.15445109625100      1.34307273813200      0.04675063929800      c
    0.03134800509200      2.63228784059200     -0.18644013534500      n
   -3.96272715165100      2.81475690507300      0.09225419004800      h
   -3.85235211508000     -2.36504724274100      0.38096137375700      h
    3.98959231522900     -2.32748394844500      0.31962000435200      h
    3.85989389716100      2.63334116263500      0.47355628573500      h
  0.11837276928916D-01  -.48939553828469D-01  0.12040674580731D-01
  0.15154175662125D-01  0.34703423081383D-01  -.11947866869396D-02
  0.19937689871056D-01  -.51638479997159D-01  -.10072267451478D-01
  -.36669845736437D-01  0.20200503275436D-01  -.20076101934256D-02
  -.37702951720892D-01  -.59269565384428D-01  0.16214780451808D-02
  0.19847695271710D-01  0.38129268033920D-01  -.21935417636243D-01
  -.22690254812901D-01  0.33323709957184D-01  0.12913968587216D-02
  0.90882750953374D-02  0.37168496439532D-04  0.56510955678941D-02
  0.38900232753809D-02  0.24938817217000D-02  0.39421438288694D-02
  0.17307916273082D-01  0.30959644745276D-01  0.10663293069892D-01
  cycle =     36 ADC(2) energy =     -263.3703082322 |dE/dxyz| =  0.218863
   -2.15009998000000      1.27225101000000     -0.01979122000000      c
   -2.26255122000000     -1.31546994000000      0.02572646000000      c
    0.03415732000000     -2.67788807000000     -0.06214525000000      n
    2.15739515000000     -1.33091012000000      0.05636696000000      c
    2.20159452000000      1.34454196000000      0.03288967000000      c
   -0.00899601000000      2.71233547000000     -0.01437905000000      n
   -3.71919059000000      2.47441286000000      0.10687716000000      h
   -3.68223822000000     -2.47497326000000      0.12961691000000      h
    3.80516686000000     -2.63789600000000     -0.01908292000000      h
    3.88618625000000      2.51244357000000     -0.28862802000000      h
  -.57780499052775D-02  -.55108674199688D-01  -.16192226739204D-01
  -.13250954942600D+00  0.15772470251138D-01  0.83792583526326D-02
  0.64465002233928D-01  0.14016514017108D-02  -.95490807160190D-02
  -.41944416987945D-01  0.29851541171487D-01  0.14760168515567D-01
  0.17991221929918D-02  -.41135920101883D-01  0.94259257344383D-02
  -.23462371049406D-01  0.10539486111719D-01  0.63390912711617D-02
  0.40337524773447D-01  -.11293958025407D-01  0.29472310332509D-02
  0.10433208976543D+00  0.61756010992657D-01  -.19801376861316D-02
  -.28565856251208D-02  -.20307455380154D-01  -.49403868572042D-02
  -.43827659973670D-02  0.85248478017492D-02  -.91898429142998D-02
  cycle =     37 ADC(2) energy =     -263.3685894426 |dE/dxyz| =  0.233966
   -2.14874501620200      1.27216476677300     -0.01978645526000      c
   -2.26389175315400     -1.30990481606700      0.02240449393400      c
    0.03687217705300     -2.68653932123200     -0.06200683151000      n
    2.15857333584500     -1.33030083621100      0.06171335275600      c
    2.19730121735800      1.34834300793100      0.02227809264500      c
   -0.00810118063300      2.71189709895400     -0.00782161903600      n
   -3.72950192230400      2.49735911813600      0.08722718449100      h
   -3.66059033228000     -2.49456686455200      0.14766923544800      h
    3.75816730808300     -2.66021962864700     -0.02390966314800      h
    3.90866740567800      2.53985747744900     -0.27296026649200      h
  0.29490457648595D-03  -.72883574873234D-01  -.14629617289993D-01
  -.13467856674951D+00  0.32060890367754D-01  0.10648548896508D-01
  0.68189800713269D-01  -.20937228342691D-01  -.11022921446197D-01
  -.33936374640462D-01  0.40409905655279D-01  0.14219057598247D-01
  -.40398256840852D-02  -.58660214671193D-01  0.75300599441768D-02
  -.26354062063548D-01  0.25757380070214D-01  0.71983967969586D-02
  0.33039855167088D-01  -.44383605658984D-02  0.24026676499239D-02
  0.10527383841052D+00  0.61552404189804D-01  -.35051964224521D-02
  -.11962094981663D-01  -.18046686508401D-01  -.37477630042093D-02
  0.41725252280407D-02  0.15185484672624D-01  -.90932327262880D-02
  cycle =     38 ADC(2) energy =     -263.3699905833 |dE/dxyz| =  0.231444
   -2.14739581276900      1.27350215670800     -0.01949593047500      c
   -2.26260161219000     -1.30496593679000      0.01887452997600      c
    0.03844561342400     -2.69484010674400     -0.06168390171700      n
    2.16041440005600     -1.33048087830100      0.06678200492600      c
    2.19308682454700      1.35328986444800      0.01151943079500      c
   -0.00676521389500      2.71102757828900     -0.00138468115500      n
   -3.74749752713600      2.52133763172000      0.06701840650300      h
   -3.66342658490400     -2.52847606899800      0.16653678472900      h
    3.71394984905400     -2.67834603357100     -0.02786476724400      h
    3.93017813293300      2.56373960943800     -0.25517764686400      h
  0.82579921369055D-02  -.87446054572070D-01  -.13484093415453D-01
  -.11920533380942D+00  0.55978544066701D-01  0.10608512507165D-01
  0.69493734251876D-01  -.36165419433289D-01  -.11383249605751D-01
  -.25137781496859D-01  0.44867167034575D-01  0.13125901895053D-01
  -.10899032009847D-01  -.68607312033395D-01  0.60990223922575D-02
  -.26595119761510D-01  0.34460160636804D-01  0.77048991955865D-02
  0.23884499869554D-01  0.31448301479888D-02  0.21758066500266D-02
  0.90064758330566D-01  0.48046532318884D-01  -.33618825300384D-02
  -.21219127793826D-01  -.14700817612097D-01  -.28012727245553D-02
  0.11355410193034D-01  0.20422369393743D-01  -.86836443657818D-02
  cycle =     40 ADC(2) energy =     -263.3703086543 |dE/dxyz| =  0.218863
   -2.15009998000000      1.27225101000000     -0.01979122000000      c
   -2.26255122000000     -1.31546994000000      0.02572646000000      c
    0.03415732000000     -2.67788807000000     -0.06214525000000      n
    2.15739515000000     -1.33091012000000      0.05636696000000      c
    2.20159452000000      1.34454196000000      0.03288967000000      c
   -0.00899601000000      2.71233547000000     -0.01437905000000      n
   -3.71919059000000      2.47441286000000      0.10687716000000      h
   -3.68223822000000     -2.47497326000000      0.12961691000000      h
    3.80516686000000     -2.63789600000000     -0.01908292000000      h
    3.88618625000000      2.51244357000000     -0.28862802000000      h
  -.57776733561825D-02  -.55108799718840D-01  -.16193642806748D-01
  -.13251019034378D+00  0.15771597418009D-01  0.83781126938111D-02
  0.64465237836976D-01  0.14043489708442D-02  -.95479932244520D-02
  -.41943584346079D-01  0.29850265938324D-01  0.14759532818497D-01
  0.17982730068287D-02  -.41135651035825D-01  0.94246954761510D-02
  -.23461855137279D-01  0.10539625078069D-01  0.63414765400149D-02
  0.40337310367076D-01  -.11294159713538D-01  0.29476605096889D-02
  0.10433192823964D+00  0.61755711399412D-01  -.19799054147442D-02
  -.28567460363105D-02  -.20307558058767D-01  -.49402491251809D-02
  -.43827002566723D-02  0.85246197456441D-02  -.91896874728143D-02
  cycle =     41 ADC(2) energy =     -263.3685894312 |dE/dxyz| =  0.233967
   -2.14874501988400      1.27216476804200     -0.01978644148900      c
   -2.26389174631800     -1.30990480757000      0.02240450511700      c
    0.03687217504400     -2.68653934381300     -0.06200684061600      n
    2.15857332764100     -1.33030082380700      0.06171335900600      c
    2.19730122564900      1.34834300529400      0.02227810466800      c
   -0.00810118490200      2.71189709778200     -0.00782163900600      n
   -3.72950189788400      2.49735914139300      0.08722713448800      h
   -3.66059030902300     -2.49456682966600      0.14766920835300      h
    3.75816732668900     -2.66021961701800     -0.02390967919600      h
    3.90866739800300      2.53985750396300     -0.27296028463300      h
  0.29489548532524D-03  -.72883632633572D-01  -.14629609887185D-01
  -.13467860478200D+00  0.32060939365774D-01  0.10648552724734D-01
  0.68189811718482D-01  -.20937306608539D-01  -.11022924128250D-01
  -.33936367488819D-01  0.40409973615388D-01  0.14219051345080D-01
  -.40398070152623D-02  -.58660297018838D-01  0.75300539985071D-02
  -.26354083287918D-01  0.25757473986683D-01  0.71983974577259D-02
  0.33039862377580D-01  -.44383619641688D-02  0.24026622060471D-02
  0.10527385874916D+00  0.61552415479190D-01  -.35051972177981D-02
  -.11962091331264D-01  -.18046692855493D-01  -.37477567304527D-02
  0.41725255503779D-02  0.15185488627765D-01  -.90932297718097D-02
  cycle =     42 ADC(2) energy =     -263.3699905744 |dE/dxyz| =  0.231444
   -2.14739581995500      1.27350216042000     -0.01949590312900      c
   -2.26260159851700     -1.30496592077300      0.01887455234100      c
    0.03844560923900     -2.69484015056600     -0.06168391992900      n
    2.16041438364800     -1.33048085466600      0.06678201762300      c
    2.19308684075900      1.35328986093200      0.01151945495800      c
   -0.00676522209700      2.71102757444000     -0.00138472109400      n
   -3.74749747829500      2.52133767846800      0.06701830789100      h
   -3.66342656164700     -2.52847600387700      0.16653673077200      h
    3.71394988626600     -2.67834601031400     -0.02786480073400      h
    3.93017811735100      2.56373966014000     -0.25517768384300      h
  0.82579681347479D-02  -.87446124812590D-01  -.13484073909691D-01
  -.11920536602801D+00  0.55978618193067D-01  0.10608522934937D-01
  0.69493737675855D-01  -.36165554158071D-01  -.11383258107808D-01
  -.25137783155005D-01  0.44867286727678D-01  0.13125888363660D-01
  -.10898991770363D-01  -.68607429087928D-01  0.60990224728447D-02
  -.26595153491257D-01  0.34460274829435D-01  0.77048921125756D-02
  0.23884512761183D-01  0.31448305375932D-02  0.21757977731004D-02
  0.90064783602838D-01  0.48046548751055D-01  -.33618859668357D-02
  -.21219117389764D-01  -.14700828312689D-01  -.28012658554546D-02
  0.11355409570652D-01  0.20422377281706D-01  -.86836398188408D-02
  cycle =     43 ADC(2) energy =     -263.3727586440 |dE/dxyz| =  0.219525
   -2.14620792273300      1.27654763592700     -0.01894198072700      c
   -2.25898301427000     -1.30112046312300      0.01513738357900      c
    0.03885579626000     -2.70253558662300     -0.06117045625100      n
    2.16274645535600     -1.33153727730900      0.07159428852000      c
    2.18908534560100      1.35957682398500      0.00064167318500      c
   -0.00498408634600      2.70958122487200      0.00492322557700      n
   -3.77104801820100      2.54458480389400      0.04630344329000      h
   -3.68720970431900     -2.57355964384500      0.18618614658300      h
    3.67466750007400     -2.69305334601900     -0.03116841553700      h
    3.94904784290800      2.58287206454400     -0.23537547836100      h
  0.17186579350853D-01  -.96156112331999D-01  -.13271592264131D-01
  -.93072691652058D-01  0.81127562851839D-01  0.84986545705383D-02
  0.69079562243523D-01  -.42512320644173D-01  -.11262022249201D-01
  -.16581393555708D-01  0.41859571701645D-01  0.12685785785900D-01
  -.18695388377253D-01  -.69262531788042D-01  0.46906478643151D-02
  -.24292936293581D-01  0.35029066198012D-01  0.83517975835341D-02
  0.14154804999682D-01  0.10413489339938D-01  0.22369105851840D-02
  0.65242747644671D-01  0.26220671468989D-01  -.14253480434054D-02
  -.29940354870138D-01  -.10730949143190D-01  -.22826895459175D-02
  0.16919070428373D-01  0.24011552367461D-01  -.82221442893502D-02
  cycle =     44 ADC(2) energy =     -263.3748959619 |dE/dxyz| =  0.205942
   -2.14535573059800      1.28147132660800     -0.01812882465100      c
   -2.25354644322600     -1.29885966831200      0.01123421077700      c
    0.03810966901600     -2.70951941417900     -0.06046847900500      n
    2.16540241098900     -1.33341134200900      0.07615876816100      c
    2.18544902708200      1.36721669050700     -0.01032773091100      c
   -0.00279631405600      2.70754852800700      0.01109137252900      n
   -3.79789062232200      2.56541000334600      0.02506832728000      h
   -3.72616673306200     -2.62474157763500      0.20616706387400      h
    3.64234851533000     -2.70526492223100     -0.03394113184100      h
    3.96398260188900      2.59641996302200     -0.21366100099700      h
  0.26163463420860D-01  -.97881865891938D-01  -.13749915803678D-01
  -.64173885724239D-01  0.10070769220317D+00  0.50417166386990D-02
  0.67279849236781D-01  -.40301884476806D-01  -.10916938492853D-01
  -.90667954719432D-02  0.32156184709104D-01  0.13368279102127D-01
  -.27017385036052D-01  -.60950399669523D-01  0.29807243993903D-02
  -.19918631425655D-01  0.27700403971886D-01  0.91670033038087D-02
  0.48567057881526D-02  0.16643091186326D-01  0.24510810481936D-02
  0.38420095165668D-01  0.27648932270536D-02  0.16293609467833D-02
  -.37349530092354D-01  -.67830023571469D-02  -.22259361062253D-02
  0.20806114039400D-01  0.25944887123228D-01  -.77453750392611D-02
  cycle =     45 ADC(2) energy =     -263.3755003366 |dE/dxyz| =  0.191461
   -2.14501458875000      1.28830694169300     -0.01704709169200      c
   -2.24685636500600     -1.29856599477900      0.00723255822700      c
    0.03623735263100     -2.71582863352000     -0.05958376444200      n
    2.16823546812900     -1.33591351266200      0.08046212548400      c
    2.18234043864500      1.37604709984600     -0.02135535742300      c
   -0.00027512626800      2.70505215755100      0.01710607414300      n
   -3.82586277882300      2.58236442249600      0.00326314909600      h
   -3.77405934806200     -2.67656655868200      0.22576903119500      h
    3.61871612814700     -2.71589893619200     -0.03619614925500      h
    3.97407836277900      2.60393370743600     -0.19014513669300      h
  0.34478558594226D-01  -.91946238054446D-01  -.14214347628039D-01
  -.37342088006966D-01  0.10980515933816D+00  0.70120505277950D-03
  0.63902327338939D-01  -.29598259022837D-01  -.10074183555411D-01
  -.33174762098831D-02  0.16763629045929D-01  0.15111442076121D-01
  -.35774569854869D-01  -.43927771053133D-01  0.96982047251037D-03
  -.13558501260088D-01  0.12411197500557D-01  0.96901271772654D-02
  -.33931849228033D-02  0.21406967600683D-01  0.27059312102183D-02
  0.14591683730079D-01  -.17607122869858D-01  0.49769265570569D-02
  -.42642667432506D-01  -.35838964075245D-02  -.27035785220163D-02
  0.23055917896099D-01  0.26276334022175D-01  -.71633428409774D-02
  cycle =     46 ADC(2) energy =     -263.3739731709 |dE/dxyz| =  0.212820
   -2.14573986353000      1.27877470437100     -0.01856780689800      c
   -2.25649197709800     -1.29979198286300      0.01320654768300      c
    0.03862727192100     -2.70611645146400     -0.06084303182400      n
    2.16403394768200     -1.33237210440200      0.07390750224700      c
    2.18722153926100      1.36322764431300     -0.00483157607200      c
   -0.00394102976800      2.70863816985200      0.00802477401800      n
   -3.78405781223500      2.55530014436700      0.03575091671100      h
   -3.70479148293200     -2.59838832401200      0.19613516754400      h
    3.65763758252100     -2.69947110406200     -0.03262113600100      h
    3.95700709322100      2.59034407702400     -0.22475727366500      h
  0.21661742031941D-01  -.97896385661945D-01  -.13453970012546D-01
  -.78799582948681D-01  0.91793022574871D-01  0.69262627708295D-02
  0.68350887429560D-01  -.42487971808814D-01  -.11126014933462D-01
  -.12689482746831D-01  0.37839985362753D-01  0.12881317506642D-01
  -.22769588245341D-01  -.66220250042655D-01  0.38811501842501D-02
  -.22361891302555D-01  0.32366062630203D-01  0.87545069389378D-02
  0.94571960104841D-02  0.13654635970086D-01  0.23287511784899D-02
  0.51912752995207D-01  0.14521786735433D-01  -.10160642967161D-04
  -.33814961345777D-01  -.87440250786193D-02  -.21947398005446D-02
  0.19052928023104D-01  0.25173139378833D-01  -.79871031935930D-02
  cycle =     47 ADC(2) energy =     -263.3747691459 |dE/dxyz| =  0.179645
   -2.14534691585200      1.29693854065300     -0.01568771014700      c
   -2.23943688456600     -1.30041714379400      0.00321720905400      c
    0.03329538299800     -2.72164241122300     -0.05853041941800      n
    2.17113332545300     -1.33874312693000      0.08447031138400      c
    2.17993063409400      1.38573554934500     -0.03240192741800      c
    0.00247301558600      2.70234803754300      0.02295857391200      n
   -3.85304576254100      2.59434009804800     -0.01917136320800      h
   -3.82534563500000     -2.72429654936000      0.24421348563900      h
    3.60500139489900     -2.72569942260200     -0.03782237956600      h
    3.97881187417200      2.60533621285900     -0.16496325201800      h
  0.41284738554880D-01  -.80342755896636D-01  -.13545312390074D-01
  -.14559555254584D-01  0.10904674998678D+00  -.40946356357839D-02
  0.58947603822728D-01  -.14285279571427D-01  -.84623207321388D-02
  0.34901099676432D-03  -.24493839433726D-03  0.17052412753179D-01
  -.43943345682706D-01  -.21759977663105D-01  -.11558472618225D-02
  -.59286700859693D-02  -.72568764332726D-02  0.92896217690654D-02
  -.10216010353091D-01  0.24599565685884D-01  0.27197600209813D-02
  -.43349860876964D-02  -.33078817923005D-01  0.79478885965214D-02
  -.45252820752844D-01  -.18440150994929D-02  -.35402677568006D-02
  0.23654034716056D-01  0.25166345371172D-01  -.62112993685357D-02
  cycle =     48 ADC(2) energy =     -263.3734582648 |dE/dxyz| =  0.174310
   -2.14648565686900      1.30713947297000     -0.01406374836200      c
   -2.23173301256300     -1.30439829959000     -0.00071815968400      c
    0.02936669673200     -2.72721706938100     -0.05733542464300      n
    2.17402436555400     -1.34156795682100      0.08814541293500      c
    2.17837917402700      1.39584903605400     -0.04342592027900      c
    0.00532039671900      2.69976538949100      0.02865557584100      n
   -3.87785274935700      2.60059450844000     -0.04223842592400      h
   -3.87562370901500     -2.76433320635600      0.26080945328200      h
    3.60181137336400     -2.73507103571200     -0.03862522914500      h
    3.97804403014500      2.60088563379700     -0.13833676938500      h
  0.45799092303731D-01  -.67265165016689D-01  -.11462412823025D-01
  0.34788515282891D-02  0.10349839405078D+00  -.83637138562812D-02
  0.53030430388671D-01  -.19022714685306D-02  -.66703625477285D-02
  0.21314713731542D-02  -.12397076477621D-01  0.18343643899260D-01
  -.49287544923519D-01  -.11876547975187D-02  -.33999957493607D-02
  0.11591189128043D-02  -.24114726917375D-01  0.81831073352943D-02
  -.15355524666078D-01  0.26330965964065D-01  0.21992303832233D-02
  -.18386105184682D-01  -.43754169372305D-01  0.10207159365026D-01
  -.45027379807884D-01  -.20516330289704D-02  -.42704068342077D-02
  0.22457589998333D-01  0.22843337139361D-01  -.47662491805141D-02
  cycle =     49 ADC(2) energy =     -263.3723787253 |dE/dxyz| =  0.170761
   -2.14851899050000      1.31865429436600     -0.01221589157600      c
   -2.22409709289900     -1.31040108734800     -0.00449016018200      c
    0.02455034061600     -2.73275988565700     -0.05602877548100      n
    2.17687377167900     -1.34415063482200      0.09146220857200      c
    2.17779044639100      1.40598572120100     -0.05438350109300      c
    0.00814837550100      2.69758639494000      0.03421560174700      n
   -3.89908841352000      2.60072497189600     -0.06581697636100      h
   -3.92162561842400     -2.79419370139300      0.27503148231900      h
    3.60909363164800     -2.74396548859500     -0.03843488531500      h
    3.97205309371300      2.59112224620700     -0.11060177248300      h
  0.47916397936167D-01  -.54254155800025D-01  -.87691174849520D-02
  0.17235496135858D-01  0.95785580575808D-01  -.11440309467865D-01
  0.46465981787274D-01  0.51602263991306D-02  -.54138830641952D-02
  0.22446784502748D-02  -.17759926009130D-01  0.19170717726887D-01
  -.50749865265438D-01  0.15307358892843D-01  -.59128141716596D-02
  0.67173917310978D-02  -.35642019307007D-01  0.71354163003956D-02
  -.18730404309151D-01  0.26683519978615D-01  0.12245029741372D-02
  -.28378963311508D-01  -.50445341754838D-01  0.11792353210884D-01
  -.42084221291199D-01  -.42438737674746D-02  -.47247997878356D-02
  0.19363508016224D-01  0.19408630779186D-01  -.30620662391935D-02
  cycle =     51 ADC(2) energy =     -263.3703089139 |dE/dxyz| =  0.218864
   -2.15009998000000      1.27225101000000     -0.01979122000000      c
   -2.26255122000000     -1.31546994000000      0.02572646000000      c
    0.03415732000000     -2.67788807000000     -0.06214525000000      n
    2.15739515000000     -1.33091012000000      0.05636696000000      c
    2.20159452000000      1.34454196000000      0.03288967000000      c
   -0.00899601000000      2.71233547000000     -0.01437905000000      n
   -3.71919059000000      2.47441286000000      0.10687716000000      h
   -3.68223822000000     -2.47497326000000      0.12961691000000      h
    3.80516686000000     -2.63789600000000     -0.01908292000000      h
    3.88618625000000      2.51244357000000     -0.28862802000000      h
  -.57789927778416D-02  -.55109001990551D-01  -.16193019167184D-01
  -.13250919558568D+00  0.15772559654722D-01  0.83800916468164D-02
  0.64466579900743D-01  0.14016745876653D-02  -.95504248528973D-02
  -.41946174806782D-01  0.29850440470662D-01  0.14760341605899D-01
  0.17993069469213D-02  -.41135397277961D-01  0.94268060784073D-02
  -.23461718097669D-01  0.10539064669295D-01  0.63402349121667D-02
  0.40337332665765D-01  -.11293703613005D-01  0.29468575360461D-02
  0.10433212660259D+00  0.61756405818598D-01  -.19802637790348D-02
  -.28566297463546D-02  -.20307330719186D-01  -.49409866108303D-02
  -.43826351277136D-02  0.85252884229883D-02  -.91896373751884D-02
$end
