6203
5403
9859
3137
2219
3387
791
1409
4983
6995
9361
5931
5033
7739
5859
9625
4455
6485
4817
9687
1389
8337
9809
7473
8529
3963
8615
2871
4753
8511
89
7173
4585
8921
4749
6315
9065
6373
6419
7775
5565
6289
4299
10189
4039
2423
8093
9597
2635
2405
9679
6609
6359
10251
8495
3405
7281
6515
1917
7731
839
3025
707
9931
4941
2923
757
5841
4565
3505
3713
8083
667
1651
7727
8217
5499
6143
3263
8695
783
5521
3507
7059
4693
5177
3287
5545
9915
3043
7697
4253
8085
6719
8907
8785
9557
1955
7157
5773
9495
3751
7661
3771
10123
3721
7527
1159
4277
3779
137
5097
255
8977
1617
1663
7963
1817
2687
1691
5459
8339
7995
9413
7177
3757
4887
3733
6159
3965
4739
2035
5613
6505
1989
4979
10259
3149
575
1251
4837
1057
991
207
3885
2289
3891
8857
4575
9221
8261
259
2817
4007
9143
3755
7595
4727
3905
8443
7971
4015
8139
7267
5671
6939
7077
2531
3351
3463
3667
6109
9013
1889
7741
7855
5649
7605
6147
1207
8569
5125
1377
7241
8251
3221
6563
2855
9529
7857
6433
7559
4173
6197
3065
431
8941
1723
8525
5819
3659
8543
7181
3193
2049
195
5431
9713
7653
1549
2755
4601
9015
1261
1821
2837
1327
3371
5513
733
2371
8109
9813
7253
6965
4349
10133
4463
5915
2893
2583
4923
3823
5637
5803
9449
225
3441
3487
3119
8957
10023
2777
3289
4131
4069
3533
2425
825
8847
1529
6743
5181
8571
8071
3155
1671
9201
8661
6751
103
3211
3163
8001
5119
3837
5753
8163
417
4863
4383
4963
2053
9319
267
2669
4977
10275
3037
2551
2193
5409
2853
9923
9355
1789
1909
1619
2073
8613
5717
6231
3565
9225
6769
611
9245
2135
5945
7125
9011
2299
8683
2335
4765
7833
8641
8867
9753
4835
9799
8219
1013
2555
3991
1861
2435
4121
7057
2773
2737
5127
6351
3267
9171
5341
1925
8579
1603
8689
3735
9525
7361
7239
5429
2751
2061
2933
4471
3081
8327
4543
863
6625
2307
967
7237
3029
1791
2963
5897
899
6579
4179
9351
6889
9267
1771
7981
1697
10181
8253
3431
6621
6803
1109
1241
4655
8401
8229
1633
9075
7933
9971
2069
8681
463
8557
9353
3799
9309
7189
1135
1543
1099
7419
8797
2841
2015
7487
4287
8121
9743
2443
8415
3241
1269
6835
3259
1047
749
467
6613
4115
4339
4627
693
6457
5149
3867
6799
1867
1287
5623
3133
5373
6271
2257
4789
7713
10219
2315
9811
7119
7175
5621
6657
6627
6997
2685
4595
2729
637
10261
7279
1361
6067
9723
4355
6111
219
2957
555
6207
9337
7107
1751
1553
3957
591
1931
9331
4981
5077
9863
10061
6857
6513
979
2835
9581
10205
4483
2989
6133
4267
6377
7025
2903
99
3453
5967
4255
9583
10011
5615
377
1137
4323
9387
3869
5853
8197
1507
8331
7309
7885
2697
1031
4215
3945
2545
1235
2189
6867
9103
7951
263
9935
3395
8851
1351
2051
7541
10029
5661
3975
8009
3855
9229
5415
513
10207
2715
987
6171
761
4879
5057
4485
7117
2059
8365
4891
1829
2331
10183
2879
5765
981
2509
8081
8035
10171
4499
6789
7735
4175
2955
4639
3107
2917
4381
9955
6219
4827
1509
3857
9821
909
1275
1963
9973
2659
3847
3483
5537
5583
665
937
7849
4447
4503
8915
5543
6131
7493
9041
8427
333
5211
4875
9831
9579
3061
735
3567
1403
3793
2327
5643
8971
2909
3191
10085
8501
4813
3983
449
9053
755
841
5689
4591
10015
1777
9855
231
7883
177
10301
3901
2977
3359
8453
8479
3231
8619
4005
8053
6807
9927
8451
5423
3439
1383
1643
9497
6641
5961
5303
859
7629
7759
1647
3591
2731
8395
5483
4237
6535
1183
2017
1039
6517
2149
4899
7725
5267
8149
8809
7919
3631
10121
7047
9981
7607
5169
2779
6181
4967
5467
8361
7875
4853
3045
3365
7777
243
9219
5055
7061
4435
1645
6815
6313
7249
9489
1129
623
115
5105
2365
1981
5489
1341
7789
2653
9727
3953
6475
7779
6417
4065
5713
5477
1103
4597
7509
3337
5893
571
2183
8723
4773
3209
4583
2647
1631
4283
9443
5311
1391
3419
9885
2115
4561
8631
7655
3907
5981
7969
6603
7451
3595
7275
4309
3727
9425
969
6537
8817
2743
8497
10201
9641
7755
2295
4407
6467
7465
919
1225
8321
811
3911
8165
2173
3335
9433
8271
1801
6335
2355
5371
3813
1927
5801
8147
9311
1445
4067
4341
5045
2595
7519
9601
9009
5011
9913
4747
6967
5193
43
3889
8303
6567
8563
9867
5189
6869
10255
1029
4013
3815
3451
1683
6161
1625
7289
7603
2041
2959
657
3013
2411
325
1291
73
8465
4089
9453
3881
3145
5919
3775
3277
5457
10173
8825
2821
5241
5553
2471
6397
6107
7483
2275
5817
1189
519
4805
415
963
6523
3435
1045
4317
2625
1629
1523
3941
2925
1065
7825
8997
6771
9119
6781
9653
3485
8227
9131
1609
5337
6543
5681
9303
1577
4675
8803
8595
2643
1177
6907
787
3665
2095
6687
8333
113
4449
907
3955
6125
3925
3261
1951
6451
7127
197
5207
4701
6951
9073
4151
8625
2951
3829
7975
2943
9791
4515
5563
687
4273
457
10243
1461
8151
7449
6861
4999
1783
7443
7009
6421
9685
2695
2243
5691
4351
7053
9363
3759
9193
8157
6355
5855
8639
2259
4807
3843
8281
5277
8029
4259
7151
9089
409
4745
4917
9487
1517
7355
5555
6343
9663
905
1865
9323
261
8077
6725
5991
5609
7685
4393
4965
3135
4949
7089
9247
473
1775
6187
545
5485
7947
8999
4867
5139
2633
6251
9599
4025
4161
1715
2001
5035
7611
2663
8341
3367
2201
297
3325
7301
4709
6875
2271
4939
7771
641
3535
3499
10293
8405
7489
3115
9325
2665
8637
287
9693
6767
1847
10155
425
8793
781
4167
7287
4375
829
8025
1105
8285
1481
6463
2321
6025
3097
4229
6933
5245
6427
7027
4951
1551
1349
7979
9431
7417
371
305
3239
2527
2617
2985
7035
4409
405
3429
673
8057
7447
423
7877
8927
6413
1957
4311
2131
6961
9213
5061
6411
851
6853
5749
3561
3809
3651
8355
607
9001
9643
8787
1191
9841
5549
1557
1335
2125
4895
6765
5551
6829
9153
8207
3827
1307
1511
7651
3929
3995
4651
4137
6753
6281
1939
5969
6615
7621
8259
2589
6709
7213
3347
943
3767
7043
7017
321
1049
6069
5539
2297
2309
8011
3255
5273
2445
5043
2177
6623
6389
743
5901
3777
2601
8129
3783
7111
1089
9589
8469
1077
7261
4677
4101
2127
1199
10055
9695
6959
2141
701
1813
745
9081
7081
2521
4711
9817
1219
6711
4991
2883
2599
7847
9531
2281
1949
8061
8069
4953
9765
1767
1343
3789
7153
5659
3601
5775
8893
6873
10265
9783
5167
8755
7989
4427
7283
4925
3513
9289
7597
6885
2207
631
9167
5899
3433
203
7155
5107
8363
1125
8849
1353
6341
5321
6399
2641
6453
7163
7195
3147
3357
215
3153
9521
5581
1093
1575
2383
4439
4553
9397
10049
6191
4819
1293
8137
5383
1025
2735
767
9253
1615
721
5315
3705
8161
4009
5109
10279
5873
315
8577
8325
7123
8291
5697
3971
8829
9541
1379
1197
7325
1919
3105
1591
443
1411
6325
7263
4993
529
7691
4815
6793
9563
6895
10139
2077
2847
2513
1169
5839
9063
9429
8991
4457
7565
6973
6063
6357
7965
145
4551
511
6919
6825
5015
2621
7481
6243
6049
6943
9501
2087
3695
3327
5541
5143
6027
7769
9691
847
7201
10223
491
8411
8065
4139
803
9093
2481
8005
351
3737
3355
7949
9203
2969
7915
9787
3423
6569
4373
3871
2931
3109
2265
7823
5445
8377
3049
9035
559
823
3641
411
8455
9069
4029
2479
8499
2047
441
2937
5573
7063
117
6205
9719
5335
3229
7049
9149
4203
9027
9199
6651
9617
10273
6405
6707
9819
7311
6821
6259
6731
6437
6797
9437
4557
6321
9767
4113
2099
5091
8063
6597
5865
67
9273
9287
2795
4291
10203
4571
3477
8743
5763
3831
1705
2487
1961
1143
6683
2565
9997
7657
1267
751
6183
9801
6075
4365
6489
4079
2451
1033
8897
6077
3639
49
4661
7671
5473
2155
4157
2403
8375
4033
1285
4475
5113
661
6229
4489
8835
681
1037
3701
5785
3383
1415
3377
5709
1721
4629
8167
5495
3863
6601
1295
3271
1053
3053
1757
2919
7577
6019
8537
6849
4265
8633
1157
4087
4861
4465
627
6647
1373
8043
2649
4367
2727
4401
3087
5279
901
8347
903
8679
819
2323
5493
3173
3141
2231
433
9779
1229
4531
2101
8651
8845
3461
5875
1299
3161
1879
9019
5663
2815
2007
709
2699
4193
327
6509
1455
3417
4763
23
1945
3213
8407
6061
1121
9369
5073
8315
3195
4031
9945
5123
3251
119
8343
5927
6023
4249
2361
9157
8805
4593
9891
727
6401
7409
6275
8935
561
9461
10231
5361
1735
6239
2833
8233
7535
1117
6837
7109
10009
1213
1667
3151
3749
5003
1363
4359
15
4411
1685
4133
33
8385
2787
1063
4201
3613
2865
5405
5799
5905
4577
807
2563
2645
3303
375
5597
239
2543
2899
235
6021
2655
5641
6559
4333
5519
6893
7331
2947
7793
359
3373
3069
2033
7547
7701
2829
1599
9441
6591
891
6521
10253
7485
6241
8445
7205
6923
1565
8669
1131
3979
10285
1297
3729
9843
5453
5183
10117
9017
10193
5503
9185
1485
7143
2093
1091
4357
7187
5987
6667
111
9313
1395
6791
9483
669
4625
2557
4547
2753
6937
4003
609
401
2811
3007
4795
10143
1243
4103
5075
4177
6777
7091
3573
8295
4295
765
2027
9459
3785
985
7939
9911
1041
8951
2607
6127
6809
7235
9485
10149
101
4569
4517
1587
2217
4559
1739
3691
8685
9365
3023
4413
1601
5131
915
5599
2483
6747
7011
1331
4213
6425
7899
9883
5955
10119
8381
535
5993
1657
7259
5237
949
125
5809
2395
10113
6577
1087
1301
3035
10069
5611
4735
6495
4975
597
9307
1727
5221
2981
3583
1637
3205
5229
7139
703
6949
1835
731
5343
4961
3627
4063
9853
3183
5769
6117
5871
3375
9189
7909
4663
869
7169
6307
3913
6047
3063
4599
2939
7299
5469
6037
8159
711
5517
9735
5261
8687
10025
6253
2225
10269
1133
1075
1185
3459
619
7353
5985
6157
4437
1023
17
10215
8463
1659
4165
6091
2941
5755
6371
2267
3275
9137
1059
1359
3169
5861
785
5031
5533
6443
7397
9223
3931
1969
2749
8929
5783
4509
697
1321
8257
65
4129
4877
5703
2455
10039
8863
1009
4935
9499
10103
6817
3603
2885
6099
4787
9095
5369
3817
4163
7389
6285
7645
3549
8933
6713
5461
3999
7307
5825
2493
6507
3657
9067
213
9349
5191
2721
8033
31
2801
4889
5937
9277
5021
7953
2539
9789
7991
2609
2581
1417
7095
777
4831
6087
10043
1741
10211
10081
1759
7699
1635
5821
4247
1405
8611
10249
3345
691
1971
4397
6917
5925
39
4893
361
5017
5187
4873
1747
4211
6899
3599
7147
3895
7729
5595
9921
2387
5327
1627
477
9479
3101
4293
1027
1713
7435
8323
1935
8491
5487
5547
635
5257
1215
4441
4579
3243
8565
7003
7761
9301
5731
8727
4111
4573
585
19
2907
947
7631
8255
9057
10213
5265
5329
1793
2683
9777
6391
4081
3501
4225
2381
7557
7773
9833
2469
311
7457
3057
3915
8179
2535
4645
8447
10033
5761
5047
2221
563
1941
9515
2605
8807
4669
789
53
925
403
2181
271
8379
7243
3091
9773
8461
1839
1589
9295
1071
2433
3825
7709
5027
2975
7383
2515
1303
5727
6581
7781
273
1709
5145
2987
779
537
5333
10021
3707
9661
8987
329
795
5255
6233
3291
10299
3739
2797
7897
9239
9427
4487
135
1051
3833
1929
8701
9877
3273
741
5619
229
7145
265
3569
3523
10235
871
3645
9169
9339
181
7199
723
6845
2671
2793
9759
3121
5295
9165
2843
6449
5971
2525
4325
309
7
7659
3769
1733
4275
87
6855
2195
10017
1805
9907
9255
6661
8671
3541
3475
3479
7599
2661
167
7381
8079
7987
595
9037
5525
849
5441
445
10141
8269
8861
4093
7149
4327
6665
6685
7021
343
4057
497
705
8757
7041
163
527
3539
8105
277
3249
1819
8389
6741
1365
5881
6909
5767
6527
3349
9861
4541
573
3669
6595
245
1773
4421
9265
2547
6465
1729
675
471
9477
2775
7797
1467
7563
10059
6353
257
6345
1123
139
8713
7413
2979
3027
999
5197
2805
1953
355
9711
2019
8013
293
7247
7925
8777
6033
9657
8371
8917
3157
4665
5843
5789
331
9569
3167
2859
9405
2529
4589
1933
2579
2249
3333
2311
2559
1765
6655
8919
323
6459
4459
8403
8657
69
8739
8103
9021
4043
7905
3503
5997
2571
593
8653
885
7637
7087
2449
3939
8737
8171
557
3761
8095
1717
3673
793
7363
37
3637
8871
451
97
3449
6057
4657
3227
5427
283
4073
2845
3385
5001
8885
941
583
6053
9179
27
831
1665
4833
2273
1843
8995
6575
4221
4155
989
3987
551
2009
1887
8969
5325
3519
3033
165
8939
2791
3675
3763
8821
8089
3623
9953
4685
7459
7609
2703
9909
1357
9197
8725
9975
6407
3531
8877
6113
2575
7943
279
2873
1369
7233
1073
4461
3909
8989
8263
4679
1707
6619
3225
5355
1223
2343
633
629
5157
9123
7961
3685
7033
8191
6539
7721
7553
9503
5989
8789
1491
6385
6557
6629
4751
8127
3021
6423
5213
5939
4769
8981
4631
8367
2759
4425
8027
1675
1015
7207
2711
9183
2915
10115
2867
5433
6565
3693
5471
1001
3633
4777
8581
9939
9761
8423
303
5947
5837
1231
8795
7999
481
41
8767
8839
367
6479
7079
3171
3841
9627
1537
7507
8225
6589
5909
9709
6083
1433
6993
8931
7437
10271
493
9543
1171
10065
7015
9609
8383
5777
1423
4717
4649
7191
5251
4995
3301
4107
4053
4755
8087
7029
6331
7303
3579
9919
5319
2673
131
7083
689
373
4743
6783
6141
5591
3425
737
9591
1559
4419
25
6851
8879
439
11
2677
5793
8075
9467
4667
3629
8889
8765
4825
133
7811
5299
3647
2227
9673
5921
7845
525
1119
4829
459
1501
6757
1781
7277
5009
7065
2519
2417
61
2213
2169
9929
7295
4511
7985
6227
5639
2717
7813
9111
2419
8547
3747
881
2373
10187
8711
2253
3865
4055
579
7921
1101
7941
7683
7359
9333
3557
5999
1375
1547
6801
2823
5747
7467
7037
5605
8753
495
1005
3269
453
5935
10035
713
9139
8211
1019
6153
9647
3511
9159
4869
4217
7209
10169
9697
1387
6299
6659
5475
7517
2553
3597
2453
2693
7097
2447
2105
2209
6871
1429
7475
79
3181
8305
835
9373
71
3185
2523
7913
3745
4507
9655
3643
5787
8837
1249
9595
3697
3369
5903
5353
6931
3649
9571
2675
4059
3245
6555
1681
9803
5049
8239
5705
5715
9105
5509
7421
5745
599
639
3189
4271
1469
7581
3821
4929
4119
83
9969
9903
2707
5527
2075
6863
9175
1209
2109
3207
3897
2491
2615
6173
9507
9517
6249
5227
9775
4187
1441
2785
3401
5111
9261
4521
5635
4451
9873
9071
7521
3517
8391
5977
6333
7923
6637
347
769
855
2611
1427
6947
205
2187
8467
10159
9707
9549
8301
2533
3073
5943
2233
1083
6897
9113
5627
3317
8913
10229
4143
2813
3187
4613
9925
5391
9051
5377
4493
5195
1333
6409
7689
435
8715
577
5711
2889
1205
4469
9423
3201
4781
143
8203
10177
4105
2789
2637
4181
7431
2585
2541
6607
8533
5929
8489
8943
5655
8435
9097
4513
3537
2459
7895
897
8267
6167
2569
4011
3805
1271
5435
4775
2065
6017
9107
7543
9343
6211
3009
9457
385
7427
6827
7039
6795
4885
6323
6189
6975
3933
2143
5851
1281
4845
7737
4633
6599
1473
5345
10241
9547
5983
7531
6953
8819
1385
9949
4783
2401
4337
2485
7821
1737
5529
1255
569
5185
6029
5425
4841
5285
6881
1035
7055
6041
9959
155
7347
4821
1175
7911
4617
1907
8759
9667
149
9393
7349
5421
3
7229
3671
5737
2345
1837
1841
617
9785
8531
6175
121
6311
2055
771
9259
6525
911
2385
7013
7745
8779
1905
289
5515
1339
9297
7677
5607
1233
9475
8421
865
7955
1513
4021
4443
4847
5849
2765
10247
9079
4801
7103
2657
6135
9491
10005
7785
9745
107
685
1779
3253
2057
7327
7405
2025
1763
151
2997
7387
5201
4205
3309
6883
8855
2499
4433
2901
5791
5395
671
3993
10289
2379
7973
953
8113
6095
7967
9447
5447
9573
5625
3067
1687
6011
9881
3305
9519
7339
7371
247
3615
1499
437
3753
6763
7411
5579
5739
5387
9125
7317
9763
8629
9631
4605
8309
5269
6653
2763
9769
3835
8905
2063
1975
2175
931
10179
6369
2113
5589
4477
4857
1253
4171
9299
455
1677
5867
655
6787
7639
8747
6267
1141
7515
541
4641
9533
9815
4185
873
3473
6545
2457
4907
10101
7211
5065
3515
7589
7071
8895
1283
6639
4453
2993
9963
5081
4959
7617
7997
8523
9897
6217
7513
3723
3811
5079
3883
8585
6903
8247
2679
8067
2091
7075
387
1167
659
479
4399
1535
5235
7337
2269
2245
10071
5307
2045
469
10245
4707
7129
1871
6957
3873
4933
8039
7179
3577
8359
5375
51
7571
9205
8097
6785
2325
8115
2691
4721
161
7245
613
7001
1067
1755
1567
9329
10013
9463
2739
5585
9305
6695
1313
9271
4245
3989
2139
6287
6813
759
983
7341
1875
2167
2705
1881
397
7539
7887
1259
917
1787
2133
8561
3071
10167
6301
9967
1859
7585
47
6255
9029
1371
5133
105
7843
8973
3085
9901
9917
7587
1597
6363
5907
2597
6221
10277
1561
581
223
8593
8185
7669
1885
3899
1833
1895
9161
1799
3703
4141
507
6225
1265
10267
1323
4361
6129
5741
5645
5743
1903
9109
2037
307
2369
5587
10007
1503
2305
3279
8707
9729
7627
3859
8283
6387
185
3331
8745
7007
3923
8169
10019
5053
4223
2223
3607
9639
3295
5759
8709
4723
7099
5835
7625
5165
8483
3795
7829
8903
5259
4243
9345
4955
5885
6779
7807
5173
3343
6185
6985
2497
5857
1569
7861
35
7005
1701
9555
2011
8353
8459
8475
5089
4881
9005
4883
3393
4389
8697
8783
3363
2255
3481
1407
3003
3877
6439
6561
7839
5407
4227
3803
9375
2807
3509
9341
4635
2517
9621
3455
2103
7497
4653
4921
9839
5847
8719
3197
7255
6617
5203
5041
2741
4945
1043
5005
4615
8961
9755
4071
8597
7329
4017
7593
10151
6671
5879
2237
6139
683
7649
7787
2973
9023
8699
6055
1541
10233
5147
2117
4849
8883
9613
9731
7425
8607
9043
10105
499
4989
8493
4047
7881
2285
6673
7305
341
8047
175
5721
9961
4049
5479
10127
3047
625
6735
1803
5225
7809
3585
4387
6739
6773
8091
4195
55
3247
647
7319
369
5071
7901
1095
5951
6547
8199
8645
1973
1583
5141
9395
3409
3679
5443
8249
1661
5813
4697
57
1397
8813
7019
1413
7795
6383
10217
6663
3689
9321
6163
1921
5995
8045
9689
7265
4219
8827
9671
4429
5845
799
3621
8123
8841
8575
5331
853
3937
7093
3111
6823
211
10175
4083
567
8183
6759
875
9469
3319
7679
533
997
63
1139
9681
2191
5869
6149
8655
7403
587
10209
4251
5683
1
7067
6085
7463
2761
2667
6123
9399
189
9585
4767
2881
8155
6031
1673
8195
7121
9275
1111
6237
6291
7395
523
7193
3415
957
6605
2157
4189
3545
1193
1639
1495
7647
4149
9077
1555
7601
7675
5975
4405
3389
8901
8007
6367
6631
10137
2399
4027
3381
4353
3313
5135
7615
8431
4937
7135
8733
45
8125
8859
5913
10057
5693
965
5601
1893
8963
2723
1081
6891
7873
1959
1347
2367
6679
1711
7549
1579
2733
487
2313
7693
10165
8049
3609
1465
9207
7957
9611
8853
935
6035
9825
6819
7045
5381
4527
6009
6941
7859
951
6775
2627
6635
7753
3773
10027
6261
8519
8621
621
4207
5271
8559
1823
8433
1187
6979
4931
7613
2393
3875
6245
2689
7227
8549
7369
1845
3165
1977
1913
505
8609
2229
3589
3711
1173
1743
5665
5779
4695
1897
4985
3529
517
8311
8553
7757
7141
2839
4239
6689
3969
6375
9359
5175
7221
9391
1749
3903
7827
833
2317
9623
7681
715
10031
5669
4263
7505
9401
2347
7801
2771
6103
2111
3117
3079
5575
549
1869
5281
381
9195
3421
6587
4127
2421
4729
7751
4537
2999
8567
2875
6177
3051
7641
5199
8419
4099
7441
565
1533
123
8387
503
1421
6043
7069
4637
9717
2857
9781
4851
2303
5067
7379
2005
1855
1605
7831
7545
4491
7819
4643
1463
9979
1453
8187
3059
3563
7137
6811
2467
3041
5323
7165
4567
8279
7101
1345
8627
2949
7665
1003
7297
10125
8589
7335
8351
7879
6121
8535
2239
6697
5685
3547
4321
7851
6379
973
1827
1221
1381
4269
4169
3681
7567
7803
6283
3893
7575
7031
6195
2333
4023
2769
8487
10157
6263
1115
9593
5811
8975
4809
4691
3699
6215
929
2081
1317
1521
8507
5831
8923
4997
1289
2619
9367
5289
4703
7891
9211
169
9645
10089
889
5505
9409
1911
9407
8175
679
7815
663
10079
6469
6403
5379
3663
5531
1993
7469
1315
8509
9847
4549
4305
1279
3139
2179
9943
3497
5797
7445
9445
8517
2129
9771
9749
8397
4343
4363
7391
6865
4335
5025
9747
3283
7453
9417
4563
509
6119
7983
1247
797
3709
9121
2235
3095
8335
489
6531
1997
7365
1669
8891
1257
1425
8675
8811
9033
8485
8101
1163
4395
3943
10237
3949
9561
7113
6435
893
5155
5069
8319
6935
5497
5317
7161
2891
4823
5339
6319
1201
9951
2359
9291
2397
7917
3471
7937
1785
2577
8273
1725
4261
3089
2163
2291
75
4757
3465
9419
9025
8223
6887
5247
253
9985
1227
7203
6265
1107
3017
5037
6001
9115
6879
9523
3361
8527
7763
5023
2861
3715
9003
4075
2825
7673
407
5347
8275
3203
3143
3525
3553
173
8551
801
547
2591
1431
7837
9829
8945
6703
6843
1181
9087
1689
209
2357
91
7733
5363
3217
6913
3299
815
9129
2507
6165
7719
7537
483
6491
1571
1995
9415
6477
3397
8143
10295
2247
1581
2351
4855
9411
3879
9797
3339
975
5965
8293
7271
9887
10111
5205
5571
8623
6497
7291
5171
465
763
3005
9007
5923
2863
8545
8399
5239
4423
4603
5699
9605
5959
7619
3687
1883
3927
9619
995
281
3411
8329
539
2437
299
6305
8967
5561
4943
295
1987
301
10077
3077
5419
4391
6277
9805
7705
8349
7499
1451
6137
10075
7197
4623
817
2971
3403
5019
9049
9669
2921
1621
8477
10145
7555
1401
7959
9377
8145
6039
1273
6969
2039
6987
8985
3935
3977
8437
7323
8031
5701
5039
3951
3125
7219
861
3223
3307
5085
7765
7935
883
6273
6761
5675
1899
2415
4095
977
5399
4035
739
9045
9659
5729
5439
4147
3997
4957
1857
1849
7945
6643
9977
2241
2409
2623
3129
9187
9471
6573
5059
3887
9649
2203
8729
6721
8481
3959
4313
4705
2877
5397
7841
4659
4281
9117
6441
2377
1439
9793
5209
8617
6955
5963
4501
2413
251
7385
10199
10135
7867
2031
7159
8947
2441
10281
8603
1325
2319
475
6365
7377
1061
4621
3741
6501
8417
6073
7569
9439
5297
5063
4183
8773
9683
2799
9633
6473
1305
8051
2831
7321
9513
8717
249
927
5949
9435
521
5401
5523
5781
2339
9059
3917
8019
7285
8959
2549
9389
5507
9217
9055
5455
9947
9233
4771
5463
4235
8473
5633
2159
6503
7479
4973
4737
7461
10003
895
6593
5653
4307
8937
5807
3175
6681
8231
357
6511
2587
7931
2603
3551
1155
4947
9675
8781
4051
3257
959
5243
5933
9509
1811
5413
9191
3559
1419
5451
809
3215
6013
887
7273
4871
4647
6105
3099
8673
8749
3973
3011
1097
6007
9845
1515
8911
4191
7715
6519
2927
4671
7429
3075
8573
5559
1901
8693
5771
7393
8605
699
6101
5535
4539
2929
1613
2199
4905
6901
2849
9535
8221
2215
8307
1457
8425
1641
7073
6841
9551
2137
2713
3199
9991
1863
4431
8691
1719
4761
4061
2363
2429
4673
5121
9987
1475
2197
1161
5757
4371
5151
6989
8953
9737
153
6805
1277
8471
9473
993
9537
5511
8801
2967
9989
5863
1263
8647
9741
5115
3399
867
5957
4153
7743
6115
9527
857
1449
4495
5673
191
4019
2431
485
10051
7171
7215
6447
1355
427
4473
8659
7663
1113
3467
6381
5695
6585
5385
337
9173
6633
9895
9725
6223
4581
2119
3127
3491
