  -2.14874500699219        1.27216476999563      -1.978644754408325E-002
  -2.26389175608436       -1.30990481694568       2.240448578878365E-002
  3.687216382904968E-002  -2.68653932143264      -6.200682026154122E-002
   2.15857335293638       -1.33030082546759       6.171335109522205E-002
   2.19730121555073        1.34834300285240       2.227808405097282E-002
 -8.101186073604275E-003   2.71189710255277      -7.821628610735602E-003
  -3.72950190020966        2.49735908790098       8.722722786672248E-002
  -3.66059033228020       -2.49456691106711       0.147669250100157     
   3.75816731319918       -2.66021964376421      -2.390959337521153E-002
   3.90866739044440        2.53985742628273      -0.272960290447109     
