      0.000062820000      -0.000030210000      -0.000007420000
     -0.000127460000       0.000276680000      -0.000156750000
      0.000157440000      -0.000417960000       0.000002830000
      0.000037180000       0.000043580000       0.000265620000
     -0.000206850000       0.000164450000      -0.000508910000
      0.000033790000      -0.000016940000       0.000319800000
     -0.000271910000       0.001046550000      -0.000934040000
      0.001634220000      -0.000600470000       0.000862190000
     -0.002289800000      -0.001194210000      -0.000261300000
      0.001062930000       0.001374180000       0.000706270000
